1000
42 67 14
49 47 74
54 93 10
86 7 52
61 6 25
57 61 15
47 8 15
23 66 83
36 98 30
47 74 14
35 81 8
41 20 71
5 5 86
9 100 8
81 38 43
37 33 85
100 68 14
62 46 8
5 19 45
96 67 6
83 83 38
14 65 87
75 55 81
73 81 29
13 21 19
17 26 74
69 96 3
0 92 67
14 30 25
38 4 1
52 90 42
44 33 42
88 98 54
4 47 5
52 22 97
8 58 1
14 36 81
82 2 69
4 80 61
25 43 87
72 36 27
100 27 67
90 14 81
91 61 19
33 61 4
99 77 4
89 80 24
93 37 34
65 83 43
32 27 27
67 14 93
97 37 34
88 45 37
47 68 48
62 46 1
13 66 1
37 54 52
85 33 65
78 22 46
86 15 32
37 92 57
72 73 82
29 71 99
74 35 78
56 87 92
89 37 94
72 98 89
73 6 68
8 78 93
46 65 73
100 63 3
40 76 92
95 33 26
84 79 48
58 90 100
41 87 80
7 52 33
46 100 80
60 5 38
17 52 13
9 78 90
58 16 65
20 62 88
4 99 54
13 15 75
59 82 94
100 66 13
38 55 3
39 5 38
0 54 4
79 67 41
11 99 88
72 84 72
68 76 65
31 10 68
47 39 84
53 86 23
8 87 8
66 75 25
29 75 87
73 66 59
12 88 91
88 56 9
71 28 11
98 41 60
34 92 25
41 35 64
77 83 32
91 63 31
19 32 19
75 18 15
25 24 95
6 23 99
94 11 37
97 58 73
12 9 17
90 37 82
43 99 74
97 96 54
19 80 12
94 30 1
99 99 99
10 28 72
14 12 58
97 83 99
96 31 25
92 82 14
1 95 53
49 48 55
83 77 15
47 71 80
32 74 85
17 79 13
100 33 89
15 70 53
28 95 81
6 90 18
89 99 82
23 74 80
84 79 64
32 38 20
75 93 5
57 76 70
0 10 42
34 44 71
11 83 30
67 7 97
100 76 79
94 30 5
22 15 99
93 6 84
91 35 47
4 57 29
93 79 38
100 45 18
71 35 27
94 24 53
82 24 95
94 13 95
28 2 36
27 56 28
13 62 69
25 76 48
53 80 34
20 24 95
57 98 14
6 74 32
51 22 21
98 6 75
83 98 82
13 55 55
100 89 79
39 42 75
87 37 36
78 12 26
35 68 35
78 71 68
10 87 38
71 75 75
49 43 41
11 45 87
52 79 8
0 42 24
17 69 21
6 37 12
4 38 5
65 89 98
3 19 75
33 12 86
69 18 21
91 54 60
29 72 80
84 48 1
93 92 92
43 58 83
65 46 89
81 69 83
56 84 29
46 18 82
99 70 86
87 12 14
82 89 7
34 99 40
12 85 59
85 55 91
90 67 82
15 73 20
79 4 33
6 54 76
90 63 36
96 95 29
37 43 86
58 12 24
3 98 22
48 100 7
43 48 99
31 11 98
42 4 54
73 81 87
41 32 82
22 4 96
90 98 72
2 59 23
8 2 87
29 36 86
73 67 79
69 91 72
23 36 86
55 12 25
27 23 72
50 27 13
87 81 48
75 46 17
52 69 42
56 6 32
76 86 17
45 24 7
17 36 76
18 61 15
82 97 70
63 53 74
100 55 38
28 74 83
13 63 44
34 64 3
36 41 40
44 35 57
71 52 15
63 73 6
43 24 79
30 15 68
1 87 21
36 87 6
58 18 38
48 46 58
7 29 92
85 74 65
95 62 96
100 35 40
16 54 82
42 63 85
78 12 41
66 20 11
32 68 96
22 89 58
43 9 84
95 44 79
21 88 44
74 83 52
63 5 13
5 92 68
8 20 80
17 55 29
28 95 98
32 98 7
87 20 40
16 35 59
35 57 4
100 66 7
100 23 20
67 95 83
82 42 37
51 65 58
79 74 13
56 44 57
43 19 26
33 18 17
62 44 84
30 65 81
80 15 95
35 97 48
2 72 59
46 38 10
1 42 57
56 22 38
77 21 90
79 29 41
84 38 75
35 62 33
38 68 94
61 11 30
17 75 28
22 45 39
65 70 12
17 32 44
25 17 18
67 1 56
64 81 11
81 64 70
81 13 32
23 7 39
96 10 58
75 97 59
93 68 55
40 58 61
54 53 91
21 53 4
17 42 4
56 57 34
80 46 30
28 100 1
64 25 83
43 82 22
61 95 87
100 84 72
87 63 16
10 22 55
43 86 20
54 13 86
97 70 4
17 8 18
77 89 85
72 82 11
52 79 95
44 95 98
0 44 99
83 56 97
44 19 7
53 100 79
89 42 1
66 19 66
31 9 89
67 73 45
61 56 2
51 32 31
45 54 78
32 60 75
31 47 82
7 38 80
88 58 41
70 57 74
91 2 12
65 18 82
55 47 53
68 47 78
95 53 33
55 4 97
66 68 37
44 60 67
37 59 59
98 13 29
55 32 37
1 12 64
59 22 76
0 2 42
73 32 97
21 57 20
29 37 5
51 36 99
23 70 19
81 4 75
7 52 70
33 84 61
54 28 35
24 81 77
57 58 89
26 2 42
59 43 87
78 3 72
60 2 68
95 21 59
33 36 11
21 99 3
41 12 92
68 45 5
20 60 5
96 44 13
35 87 31
29 94 95
100 74 54
26 26 94
75 28 25
20 71 63
34 85 73
23 79 47
16 97 9
97 76 47
97 10 91
61 89 91
8 59 6
70 91 100
84 63 23
91 74 34
46 13 25
7 78 53
30 64 33
59 89 41
20 11 46
59 78 24
70 35 42
90 24 63
19 53 6
73 93 3
10 38 38
75 23 60
78 100 69
7 83 47
16 46 80
73 9 85
6 36 66
81 58 33
48 39 20
91 24 30
30 44 90
87 15 84
68 82 88
45 62 57
5 85 97
55 65 61
22 97 31
22 42 25
13 98 74
8 31 78
56 56 52
67 23 25
12 55 55
99 10 38
0 55 55
67 43 16
20 56 69
74 92 31
70 42 40
98 42 24
65 48 46
38 100 15
12 24 3
44 26 6
61 85 22
95 82 27
68 88 23
24 1 68
63 90 6
12 59 63
6 68 91
16 79 40
6 53 79
57 66 7
77 88 1
9 77 77
81 14 29
44 68 69
17 78 67
53 66 72
49 32 95
40 9 35
86 75 33
44 52 32
33 17 14
4 64 27
57 28 81
33 60 68
77 67 94
84 75 56
4 64 60
85 68 41
61 71 58
13 99 9
52 72 19
87 5 14
68 63 40
79 7 62
75 33 74
4 92 13
1 69 27
92 80 87
80 2 41
7 56 41
61 53 3
41 31 52
60 87 90
43 30 26
100 1 1
14 98 61
53 92 12
25 65 34
16 74 2
83 39 80
68 13 87
57 14 13
52 91 16
77 91 2
78 92 39
51 57 31
67 45 84
4 42 74
37 65 24
75 37 68
72 40 83
80 22 42
30 17 52
4 78 15
95 95 17
78 23 25
7 72 10
22 88 73
75 83 75
87 22 56
7 84 22
43 89 76
69 25 52
33 44 96
59 46 2
60 38 13
87 57 12
67 3 26
18 75 8
43 44 59
22 21 46
13 68 39
68 55 29
47 25 9
100 37 76
49 22 17
60 57 42
99 13 4
34 29 29
39 72 57
38 92 85
52 27 3
96 100 18
49 37 81
94 20 21
10 55 27
97 61 94
11 60 98
61 9 64
95 59 36
34 5 87
6 74 68
20 18 1
49 18 95
2 93 86
75 76 37
48 100 27
44 27 57
16 66 96
23 76 96
40 5 31
51 46 69
30 41 28
2 98 62
23 60 91
7 21 17
29 16 45
69 77 100
20 2 14
63 75 34
37 87 8
67 67 62
75 97 39
60 81 24
41 67 73
53 85 73
62 67 78
98 87 25
41 62 75
26 20 90
43 81 99
63 93 100
15 14 85
35 55 45
17 24 45
94 53 82
99 61 22
19 38 41
100 9 27
26 7 46
54 73 68
76 70 22
75 52 73
76 10 62
66 96 69
19 57 99
77 41 62
30 74 67
55 84 13
21 28 21
58 63 62
4 95 82
100 17 30
55 55 17
36 98 27
7 25 48
41 97 37
10 22 75
40 29 19
86 67 92
75 68 11
46 25 23
69 82 83
33 29 79
6 57 10
18 66 28
89 74 71
91 9 77
28 14 70
55 2 71
52 23 15
38 36 53
27 81 7
29 21 13
13 46 10
34 92 69
45 94 28
21 6 39
2 32 95
74 32 14
12 100 82
93 54 6
42 93 80
65 77 35
19 87 86
8 13 21
57 27 68
95 92 84
1 73 59
0 34 29
39 5 87
19 8 1
90 22 23
6 90 7
24 89 95
56 1 93
21 63 84
50 22 62
46 4 73
85 2 99
88 17 98
76 41 73
30 64 56
53 76 77
10 33 21
75 69 6
41 54 55
93 81 97
66 25 14
18 89 10
32 10 75
39 81 80
84 90 42
33 39 73
14 63 94
40 87 59
87 63 13
53 3 4
94 73 33
90 78 19
31 43 35
60 24 94
45 12 15
24 98 37
22 95 30
79 37 2
9 67 98
54 98 4
19 67 40
42 13 34
64 70 73
45 38 11
26 57 61
24 64 84
74 76 22
58 36 22
25 23 43
39 43 22
36 64 15
52 68 11
35 9 73
64 16 62
12 65 66
3 22 39
8 44 91
93 8 68
25 43 2
15 81 30
86 54 55
8 3 76
91 77 4
58 85 42
86 33 83
39 39 55
42 91 58
28 13 37
49 79 11
96 28 17
65 81 74
98 39 27
36 17 39
78 84 95
47 32 85
78 28 94
64 96 55
52 56 84
60 34 72
75 40 70
10 9 17
82 93 96
34 78 21
5 4 81
28 12 87
79 48 76
30 83 16
37 87 64
1 23 28
63 74 95
4 45 66
76 84 67
59 75 48
10 5 43
75 18 61
19 77 72
61 58 61
38 87 35
50 22 39
84 79 77
2 42 20
77 18 99
30 60 84
18 56 55
37 2 41
84 93 54
27 86 68
7 34 65
10 34 81
75 30 25
1 22 6
3 96 47
48 16 37
5 98 52
96 23 25
34 14 7
55 93 15
6 26 84
22 14 70
28 46 55
57 85 91
6 54 76
77 31 9
92 7 98
73 44 1
82 56 91
13 47 81
90 48 65
19 78 93
24 26 19
23 89 93
12 39 71
31 3 8
61 88 67
91 41 56
100 54 94
65 91 93
94 41 86
3 75 98
38 91 22
36 61 83
51 16 83
64 85 30
61 18 70
3 53 40
59 31 96
54 31 99
56 43 8
31 8 81
42 67 86
27 5 38
16 96 54
36 93 63
81 88 84
83 27 46
100 84 31
49 34 10
52 10 20
91 63 85
70 59 36
14 19 22
12 3 26
50 96 59
1 28 70
61 55 7
54 70 59
34 72 48
66 30 100
77 23 24
58 99 46
54 86 32
72 96 80
99 62 71
66 15 25
31 40 41
37 29 63
43 54 4
57 75 37
21 80 63
50 69 97
54 12 86
37 77 96
38 18 74
40 67 34
36 60 91
47 12 95
70 29 55
91 88 3
45 83 96
38 8 35
19 15 33
52 37 89
21 81 30
98 57 37
16 20 69
67 89 59
19 54 59
54 72 3
49 86 5
70 15 34
74 24 4
100 31 11
12 83 57
53 5 47
2 21 41
85 71 33
21 61 42
80 70 89
80 66 44
82 20 52
55 80 45
79 26 26
25 85 66
20 28 98
88 17 100
76 5 76
18 28 91
18 82 44
9 67 78
67 60 11
15 40 98
86 89 75
19 71 93
43 47 33
46 13 67
73 43 35
33 35 34
91 22 82
82 70 56
2 67 55
28 81 52
2 96 76
15 100 82
12 7 78
36 67 58
85 67 94
85 73 70
13 64 42
32 71 93
23 68 11
54 28 31
16 88 96
50 95 41
94 29 22
21 26 87
78 28 15
2 35 88
97 16 13
55 94 47
79 46 84
59 8 29
99 70 27
97 40 45
31 37 19
77 83 58
87 37 94
16 12 2
28 62 38
16 5 23
38 86 11
99 3 95
53 61 85
20 46 63
83 53 23
77 46 25
44 88 41
100 89 76
87 66 72
89 48 41
27 6 1
51 82 15
81 53 85
74 32 16
53 89 74
14 58 26
100 98 41
13 35 36
77 75 53
68 85 59
20 39 43
92 4 28
93 5 46
60 81 83
95 52 21
49 73 97
95 23 15
85 84 21
83 62 4
31 15 100
30 29 57
31 80 31
51 72 5
83 88 33
6 56 93
69 62 92
72 69 8
93 62 100
93 91 57
11 92 53
97 44 60
51 37 95
15 28 37
60 86 100
77 76 20
45 58 33
29 81 85
47 85 3
37 24 17
80 33 25
63 18 95
57 92 78
5 34 58
31 9 91
60 4 61
16 10 4
70 72 24
53 22 1
86 92 88
65 77 76
92 55 47
72 21 28
98 4 46
53 77 48
33 6 28
16 53 10
64 20 30
0 39 48
82 55 91
77 46 98
38 18 100
59 30 95
17 73 94
42 12 84
55 94 27
20 73 83
1 52 5
82 65 54
33 20 79
61 34 14
0 65 91
56 35 42
0 20 25
63 39 40
2 48 25
39 68 89
96 46 9
75 63 74
21 94 36
71 8 8
23 65 87
26 4 85
73 94 45
17 63 22
38 10 22
69 96 28
25 68 86
68 88 5
100 90 10
87 78 17
79 88 11
9 72 95
68 6 13
57 52 31
54 69 77
31 32 20
